A2
   52.314655  13.520880 
   52.307528  13.289167 
   52.292588  12.912473 
   52.336605  12.803149 
   52.337094  12.659419 
   52.351516  12.539090 
   52.282321  12.457413 
   52.268141  12.336735 
   52.247571  12.305554 
   52.253841  12.209951 
   52.229992  12.067738 
   52.234343  11.894996 
   52.232687  11.759221 
   52.223286  11.679008 
   52.162704  11.524978 
   52.189009  11.444749 
   52.186838  11.346133 
   52.219372  11.049786 
   52.260450  10.978206 
   52.313960  10.819718 
   52.307379  10.724035 
   52.316405  10.516735 
   52.339202  10.380064 
   52.340703  10.341620 
   52.334334  10.223958 
   52.355432  10.190347 
   52.367696  10.082267 
   52.389239   9.980462 
   52.399185   9.903174 
   52.412718   9.850689 
   52.431821   9.810613 
   52.430505   9.680444 
   52.421457   9.547120 
   52.242164   9.280873 
   52.217490   9.179127 
   52.224941   9.123568 
   52.218968   9.015642 
   52.210686    8.846091 
   52.149992    8.803635 
   52.140192    8.745250 
   52.111781    8.733317 
   52.071666    8.669288 
   51.995747    8.618124 
   51.974959    8.618456 
   51.913624    8.512196 
   51.827704    8.238538 
   51.832944    8.201710 
   51.769934    8.004766 
   51.768205    8.007838 
   51.704125    7.991166 
   51.623985    7.876767 
   51.597209    7.684573 
   51.572007    7.477408 
   51.583835    7.368037 
   51.608566    7.322586 
   51.554278    6.927051 

A2
   47.533349   7.779540
   47.577830   7.778394
   47.623878   7.682884
   47.613226   7.599087

A3
   50.056007 8.729759
   50.049447 8.924135
   49.985470 9.024586
   49.997211 9.206862
   49.766340 9.576275
   49.734074 10.009036
   49.774126 10.094502
   49.779411 10.434223
   49.734812 10.810574
   49.562589 10.945266
   49.559223 10.990461
   49.460449 11.250709
   49.012474 12.055815
   48.940570 12.628217
   48.602797 13.365175
   48.413993 13.413118

A4
   50.583609   8.670140
   50.999656  10.131400
   50.889723  10.960495
   50.878668  11.846418
   50.850476  12.857282
   51.045697  13.350388
   51.051651  13.698263
   51.138443  13.822286
   51.164220  14.402738
   51.205672  14.902789
      
A5
   47.475311 7.604408
   47.475311 7.604408
   47.598210 7.608628
   47.659213 7.519473
   47.700793 7.525514
   47.738407 7.565270
   47.780156 7.537573
   47.780156 7.537573
   47.971969 7.717537
   48.058113 7.820472
   48.187236 7.748788
   48.187236 7.748788
   48.285255 7.790014
   48.359645 7.794010
   48.445658 7.909378
   48.445658 7.909378
   48.500123 7.900721
   48.786956 8.150867
   48.977153 8.443097
   49.148228 8.555809
   49.275423 8.626247
   49.275423 8.626247
   49.543931 8.634024
   49.755405 8.595863
   49.837930 8.638579
   50.525011 8.768384
   50.606629 8.829962
   50.648937 8.996452
   50.721023 9.079534
   50.711782 9.184081
   50.808116 9.527759
A9
   48.175256 11.592803
   48.175256 11.592803
   48.184101 11.600317
   48.186267 11.610635
   48.221071 11.628752
   48.257222 11.646232
   48.262969 11.647135
   48.282034 11.640762
   48.315747 11.621650
   48.361743 11.595999
   48.391054 11.595958
   48.403029 11.590252
   48.459122 11.591117
   48.459122 11.591117
   48.476758 11.586880
   48.476758 11.586880
   48.494388 11.596446
   48.514895 11.583669
   48.525602 11.586552
   48.533780 11.596098
   48.556480 11.590464
   48.579806 11.592440
   48.585565 11.576252
   48.624709 11.526781
   48.631644 11.525842
   48.651817 11.514429
   48.670736 11.507773
   48.709197 11.485860
   48.759648 11.463010
   48.926079 11.479607
   49.001415 11.358315
   49.027913 11.369684
   49.076820 11.294345
   49.176888 11.258888
   49.237209 11.217846
   49.365662 11.193450
   49.411032 11.193013
   49.532559 11.320022
   49.570390 11.325577
   49.612135 11.371968
   49.657753 11.470995
   49.714474 11.470767
   49.741019 11.517467
   49.835513 11.493726
   49.866736 11.525882
   49.885721 11.596248
   50.029486 11.607820
   50.067302 11.631332
   50.127766 11.743325
   50.199566 11.778876
   50.237370 11.778965
   50.286465 11.820505
   50.358347 11.785184
   50.375338 11.800042
   50.398057 11.770460
   50.432032 11.806144
   50.484959 11.806300
   50.500097 11.794458
   50.534101 11.812386
   50.575737 11.776797
   50.605959 11.794745
   50.643747 11.806771
   50.711703 11.860699
   50.730633 11.848832
   50.777798 11.890874
   50.815598 11.897031
   50.881860 11.849423
   50.949930 11.837689
   50.972579 11.855790
   50.987564 11.915908
   51.025195 11.940105
   51.119640 11.958736
   51.234118 12.053035
   51.350595 12.199266
   51.426184 12.200146
   51.478967 12.225040
   51.501850 12.188887
   51.543318 12.207603
   51.584965 12.195932
   51.758582 12.240704
   51.960939 12.479466
   52.229996 12.925428
   52.286772 12.917784

A5
   47.586646   7.604035
   47.660425   7.526426
   47.661679   7.539769
   47.703885   7.520278
   47.730774   7.550878
   47.777858   7.519359
   47.787497   7.545887
   47.939965   7.632728
   48.055743   7.825290
   48.231521   7.758966

A7
   48.514410  10.071543
   47.633023  10.574081
   47.633749  10.576323
   47.687506  10.374497
   47.991372  10.154940
   47.992136  10.157468
   48.162809  10.144994
   48.331273  10.079042
   48.463792  10.117874
   48.464562  10.128353

A8
   48.107204  11.555092
   48.758140  9.108746
   48.968716   8.465328
      
A8
   48.112087 11.615228
   48.100107 11.613355
   48.079946 11.619029
   48.059780 11.636972
   48.027002 11.657727
   48.027002 11.657727
   47.960210 11.690060
   47.960210 11.690060
   47.896058 11.724493
   47.896058 11.724493
   47.861879 11.846608
   47.841026 11.871892
   47.827736 11.895327
   47.830225 11.912234
   47.821169 11.930062
   47.824380 11.959631
   47.820613 11.971848
   47.820613 11.971848
   47.816926 12.046969
   47.808760 12.095788
   47.801502 12.189173
   47.795188 12.202302
   47.797685 12.229515
   47.798284 12.258614
   47.803304 12.278339
   47.803271 12.299927
   47.803271 12.299927
   47.816995 12.374143
   47.816995 12.374143
   47.832709 12.392989
   47.834854 12.441319
   47.834854 12.441319
   47.840162 12.487830
   47.830972 12.524898
   47.830972 12.524898
   47.829219 12.615509
   47.824759 12.678403
   47.824759 12.678403
   47.831314 12.739916
   47.826245 12.755872
   47.829327 12.799079
   47.828666 12.815035
   47.768419 12.907604
   47.771502 12.963957

A8
   48.166920 11.455637
   48.254054 11.308324
   48.275308 11.284280
   48.275308 11.284280
   48.288566 11.255891
   48.298424 11.220360
   48.298424 11.220360
   48.340641 11.155905
   48.347567 11.138835
   48.362685 11.125538
   48.368658 11.105128
   48.395090 11.065203
   48.395090 11.065203
   48.396931 11.033393
   48.400053 11.018198
   48.403737 10.967858
   48.403737 10.967858
   48.420368 10.680812
   48.398929 10.552328
   48.411761 10.421588
   48.439212 10.325261
   48.424988 10.228094
   48.424988 10.228094
   48.463738 10.114712
   48.463738 10.114712
   48.457313 9.949232
   48.518591 9.807234
   48.545679 9.647524
   48.579587 9.687756
   48.640469 9.556543
   48.625523 9.447761
   48.670966 9.361957
   48.701206 9.258845
   48.693575 9.201564
   48.716204 9.155636
   48.731064 9.040913
   48.731064 9.040913
   48.854843  8.793033
   48.854843  8.793033
   48.907174  8.688887
   48.907174  8.688887
   48.906708  8.619849
   48.971429  8.437445

A9
   48.178753  11.592079
   48.261136  11.643270
   48.261701  11.642706
   48.756316  11.446875
   48.928448  11.455622
   48.993955  11.364308
   49.355075  11.190473
   49.352191  11.193357
   49.660089  11.462220
   49.711139  11.467860

A15
   51.669876  14.752221
   51.690295  14.142244
   51.790894  13.904700
      
      
A45
   51.433743    7.533565
   51.403370    7.557446
   51.403370    7.557446
   51.327968    7.523256
   51.289897    7.571189
   51.224979    7.672979
   51.190919    7.678520
   51.172194    7.654130
   51.172194    7.654130
   51.050732    7.724567
   51.031448    7.832450
   50.965118    7.847591
   50.836911    7.998350
   50.815513    8.094697
   50.815513    8.094697
   50.777794    8.101682
   50.740131    8.272925
   50.672171    8.280433
   50.657436    8.316543
   50.623603    8.335159
   50.623603    8.335159
   50.580066    8.532556
   50.527611    8.592915
   50.524186    8.640541
   50.505608    8.688366
   50.479230    8.700608
   50.471859    8.730413
   50.471859    8.730413
   50.415599    8.808264
   50.419675    8.867552
   50.382195    8.939064
   50.329197    8.921731
   50.166990    9.017574
   50.129057    8.982441
   50.083903    9.047573
   50.083903    9.047573
   49.989209    9.012800

A93
   47.605334 12.194570
   47.615106 12.203468
   47.625190 12.202548
   47.664916 12.182005
   47.681320 12.167510
   47.698970 12.160959
   47.759490 12.108485
   47.798980 12.089689
   47.809075 12.096257
      
A94
   48.136899  11.624203 
   48.138266  11.667645 
   48.138266  11.667645 
   48.136993 11.679736 
   48.141538  11.692423 
   48.141848  11.697409 
   48.141848  11.697409 
   48.141865  11.720537 
   48.142942  11.757951 
   48.142942  11.757951 
   48.142945  11.772911 
   48.148998  11.786498 
   48.150507  11.804642 
   48.159089  11.832541 
   48.161782  11.856125 
   48.164042  11.874493 
   48.169773  11.890847 
   48.175204  11.900380 

A95
   48.118028 11.522214
   48.025180 11.423516
   47.987444 11.429310
   47.881473 11.407236
   47.881473 11.407236
   47.786786 11.362659
   47.786786 11.362659
   47.760209 11.329054
   47.707265 11.335025
   47.657726 11.234258
   47.608302 11.178550
   47.581831 11.178797

A96
   47.550013 9.745248
   47.646443 9.748812
   47.708577 9.813953
   47.813442 10.000801
   47.997584 10.155805
   48.026604 10.481288
   48.044739 10.829448
   48.067698 10.863030
   48.056619 10.897151
   48.056619 10.897151
   48.085376 11.315663
   48.131055 11.417356
   48.123690 11.519369

A99
   48.095682 11.586455
   48.077125 11.598074
   48.077125 11.598074
   48.056545 11.594481
   48.040064 11.599710
   48.040064 11.599710
   48.027972 11.625048
   48.027972 11.625048
   48.027240 11.658669
   48.027240 11.658669
   48.036089 11.675191
   48.053050 11.691906
   48.053050 11.691906
   48.075921 11.731036
   48.075921 11.731036
   48.091657 11.745508
   48.091657 11.745508
   48.102847 11.752759
   48.119793 11.758636
   48.130990 11.759533
   48.143239 11.758395
   48.151710 11.753862
   48.162556 11.744781
   48.177074 11.730703
   48.185242 11.717988
   48.192932 11.694612
   48.198809 11.671218
   48.206055 11.653498
   48.217746 11.634896
   48.221377 11.628536
   48.221377 11.628536
   48.228468 11.601503
   48.228304 11.585829
   48.226757 11.548598
   48.224919 11.531336
   48.218173 11.507746
   48.209317 11.487908
   48.209302 11.479392
   48.209302 11.479392
   48.204214 11.452935
   48.204191 11.442531
   48.206590 11.393346
