asd1
   47.17817  9.73361
   47.19377  9.71348
   47.20267  9.67533
   47.22396  9.64816
   47.22595  9.62784
   47.23175  9.61531
   47.26202  9.62516
   47.27393  9.62198
   47.29089  9.62664
   47.31593  9.62229
   47.33316  9.62831
   47.35567  9.64123
   47.37509  9.67050
   47.38983  9.68065
   47.40129  9.69737
   47.40927  9.70541
   47.43362  9.72114
   47.45692  9.72176
   47.46074  9.72466
   47.46791  9.73728
   47.48276  9.74174
   47.48561  9.74522
   47.48652  9.74228
   47.48913  9.74440
   47.50063  9.73550
   47.50643  9.75011
   47.51729  9.75371
   47.53681  9.73732
   47.54110  9.72949
   47.54707  9.72498
   47.55044  9.73554
   47.58700  9.73633
   47.60337  9.73247
   47.63951  9.74397
   47.64541  9.74994
   47.65837  9.77114
   47.66605  9.77897
   47.68830  9.78783
   47.70504  9.80098
   47.70989  9.81154

asd2
   48.04083 10.62811
   48.03038 10.66603
   48.02351 10.70349
   48.02757 10.73092
   48.03624 10.74896

asd3
   48.04598 10.81323
   48.04677 10.83411
   48.05156 10.84245
   48.06237 10.85084
   48.06583 10.86183
   48.06512 10.87280
   48.05757 10.89279
   48.05534 10.94039
   48.05982 10.97929
   48.06581 11.00171
   48.06598 11.01950
   48.07398 11.04019
   48.07119 11.07115

asd4
   48.07935 11.13666
   48.08448 11.15063
   48.08265 11.16855
   48.08454 11.20552
   48.08748 11.22766
   48.09297 11.24453
   48.09179 11.26551
   48.09396 11.27393
   48.09314 11.29176
   48.09666 11.32261
   48.10046 11.33456
   48.10984 11.34768
   48.11645 11.36950
   48.11943 11.39613
   48.12655 11.40467
   48.12986 11.41422
   48.12784 11.44325
   48.12404 11.46185
   48.12574 11.50322
   48.12351 11.52127
   48.12681 11.52294
   48.13370 11.53395
   48.13988 11.53494
   48.13767 11.56485
   48.14035 11.56695
   48.14218 11.57300
   48.14559 11.57534
   48.14035 11.59573
   48.13812 11.61557
   48.13928 11.65782
   48.13711 11.67656
   48.14215 11.70098

asd5
   48.17039 11.73917
   48.17179 11.75475
   48.17488 11.75544
   48.17644 11.75239
   48.18715 11.77516

asd6
   48.19110 11.86845

asd6
   48.17552 11.75483
   48.17833 11.75642
   48.18511 11.77385

asd91
   48.19522 11.80073
   48.19676 11.81075
   48.20045 11.81271
   48.20009 11.82286

asd00
   48.19086 11.84835
   48.19994 11.82326
   48.20052 11.81262
   48.19685 11.81077
   48.19606 11.80661
   48.19543 11.79990
   48.19814 11.79848
   48.19794 11.79663
   48.18799 11.77520
   48.18503 11.77346
   48.17644 11.75239
   48.17196 11.75310
   48.16850 11.73722
   48.15357 11.75213
   48.14104 11.75799
   48.11836 11.75773
   48.10063 11.75127
   48.07800 11.73293
   48.06832 11.71926
   48.05602 11.69531
   48.03690 11.67649
   48.02869 11.66167
   48.02276 11.65918

asd7
   47.89445 11.72527
   47.87574 11.71836
   47.87655 11.70091
   47.86567 11.69040
   47.86398 11.68480
   47.86767 11.67038
   47.86747 11.66016
   47.87134 11.65126
   47.85876 11.62796
   47.85801 11.61675
   47.84889 11.59648
   47.85426 11.59109
   47.85878 11.57682
   47.85898 11.57109
   47.85619 11.56940
   47.85595 11.56661
   47.85923 11.57279
   47.85471 11.58837
   47.86119 11.58525
   47.87949 11.58961
   47.89207 11.58817
   47.89449 11.58362
   47.90908 11.57521
   47.91633 11.58092
   47.92831 11.57414
   47.93513 11.57581
   47.93914 11.57324
   47.95539 11.58257
   47.95886 11.58714
   47.96320 11.61976
   47.96833 11.63066
   47.97172 11.65385
   47.97807 11.65124
   47.98584 11.65815
   47.99594 11.65961
   48.00789 11.68823
   48.02519 11.69600
   48.03654 11.71381
   48.04624 11.70252
   48.06008 11.69769
   48.06521 11.69269
   48.06579 11.69542
   48.07321 11.69334
   48.07808 11.70889
   48.07703 11.71533
   48.09108 11.72243
   48.11269 11.74396
   48.14067 11.73578
   48.15722 11.72164
   48.16084 11.73076
   48.16797 11.73559
   48.17179 11.75475
   48.17580 11.75432
